# EWJ 驱动映射与事件归因（第一版）

> 生成时间: 2026-03-25 13:54:43
>
> 本文档当前只覆盖驱动映射部分，后续可继续追加异动事件归因。

## 一、候选驱动篮子

以下是第一轮候选代理，不代表最终结论：

- `DXJ`: 研究标的
- `EWJ`: 日本股票未对冲代理
- `EFA`: 发达市场 beta 代理
- `SPY`: 美国大盘风险偏好
- `FXY`: 日元代理
- `TLT`: 美国长久期利率代理

## 二、样本说明

- 样本区间: 2024-03-26 -> 2026-03-25
- 重叠交易日: 501

## 三、日收益率相关矩阵

| 标的 | DXJ | EWJ | EFA | SPY | FXY | TLT |
| ---- | ---- | ---- | ---- | ---- | ---- | ---- |
| DXJ | 1.000 | 0.858 | 0.709 | 0.697 | -0.432 | -0.090 |
| EWJ | 0.858 | 1.000 | 0.867 | 0.691 | 0.054 | 0.133 |
| EFA | 0.709 | 0.867 | 1.000 | 0.753 | 0.133 | 0.201 |
| SPY | 0.697 | 0.691 | 0.753 | 1.000 | -0.214 | 0.084 |
| FXY | -0.432 | 0.054 | 0.133 | -0.214 | 1.000 | 0.409 |
| TLT | -0.090 | 0.133 | 0.201 | 0.084 | 0.409 | 1.000 |

## 四、EWJ 与各候选因子的关系

| 因子 | 含义 | 相关系数 | Beta | 60 日滚动相关最新值 | 60 日滚动相关区间 |
| ---- | ---- | -------- | ---- | ------------------- | ---------------- |
| DXJ | 研究标的 | 0.858 | 0.773 | 0.883 | 0.726 -> 0.946 |
| EFA | 发达市场 beta 代理 | 0.867 | 1.108 | 0.919 | 0.733 -> 0.936 |
| SPY | 美国大盘风险偏好 | 0.691 | 0.834 | 0.680 | 0.468 -> 0.884 |
| FXY | 日元代理 | 0.054 | 0.103 | 0.376 | -0.308 -> 0.452 |
| TLT | 美国长久期利率代理 | 0.133 | 0.209 | 0.422 | -0.230 -> 0.422 |

## 五、EWJ 单日跌幅超过 2% 时，其他因子的平均表现

| 因子 | 平均当日收益 |
| ---- | ------------ |
| DXJ | -3.22% |
| EFA | -1.95% |
| SPY | -1.77% |
| FXY | +0.28% |
| TLT | -0.02% |

## 六、第一轮观察

- 静态相关性最高的候选因子是 `EFA`，需要优先作为主驱动假设验证。
- 日元代理的线性相关并不算强，汇率影响可能更多通过 regime 或事件窗口体现。

这些结论仍是驱动映射层，不是交易结论。
下一步应把 EWJ 的异动日逐一分类，分清哪些是日本 beta、哪些是汇率窗口、哪些是全球风险事件。
